{
  "camera_angle_x": 1.6944352799504958,
  "camera_angle_y": 1.8321329484417803,
  "fl_x": 374.56984585819845,
  "fl_y": 183.47902673888103,
  "k1": 0.06643010695562716,
  "k2": -0.00019032598475521935,
  "k3": 0,
  "k4": 0,
  "p1": -0.10256627623152856,
  "p2": 0.02660026915617667,
  "is_fisheye": false,
  "cx": 423.6702548437729,
  "cy": 229.12090740661728,
  "w": 848.0,
  "h": 478.0,
  "aabb_scale": 16,
  "frames": [
    {
      "file_path": "./images/0015.jpg",
      "sharpness": 207.46481931435082,
      "transform_matrix": [
        [
          -0.5307331615386356,
          0.43721674472334615,
          0.7260604860254061,
          3.2035275777072685
        ],
        [
          0.8277550400890558,
          0.4514122299980404,
          0.3332395417944247,
          3.155569891807792
        ],
        [
          -0.18205467543373186,
          0.7778615022832805,
          -0.6014878040401457,
          -1.8163008759004549
        ],
        [
          0.0,
          0.0,
          0.0,
          1.0
        ]
      ]
    },
    {
      "file_path": "./images/0010.jpg",
      "sharpness": 206.48370907867775,
      "transform_matrix": [
        [
          -0.7743128774151187,
          0.27206734056779136,
          0.5713308411561667,
          0.9780390139632349
        ],
        [
          0.6068469261727969,
          0.5751819101926161,
          0.5485458762781805,
          1.4246913998868544
        ],
        [
          -0.1793777468297248,
          0.7714565006384942,
          -0.6104739892539407,
          -3.2040204795235128
        ],
        [
          0.0,
          0.0,
          0.0,
          1.0
        ]
      ]
    },
    {
      "file_path": "./images/0014.jpg",
      "sharpness": 173.89661660560273,
      "transform_matrix": [
        [
          -0.6193441691121774,
          0.4022562532389482,
          0.6742423206145054,
          2.4449624902032085
        ],
        [
          0.7610656293704399,
          0.5185439684398943,
          0.3897322934856417,
          2.976454243260453
        ],
        [
          -0.19285203647781268,
          0.7545210795717125,
          -0.6273005918210326,
          -2.3868257889059716
        ],
        [
          0.0,
          0.0,
          0.0,
          1.0
        ]
      ]
    },
    {
      "file_path": "./images/0017.jpg",
      "sharpness": 256.6990567169688,
      "transform_matrix": [
        [
          -0.38437035864303204,
          0.42693461345592765,
          0.818526886070695,
          4.047841170239495
        ],
        [
          0.9140997568008654,
          0.3000514603796916,
          0.272746687863682,
          2.599030031934048
        ],
        [
          -0.12915518577108773,
          0.8530509697250548,
          -0.5055917137674427,
          -0.8765279107173546
        ],
        [
          0.0,
          0.0,
          0.0,
          1.0
        ]
      ]
    },
    {
      "file_path": "./images/0011.jpg",
      "sharpness": 218.67468642440485,
      "transform_matrix": [
        [
          -0.7397511800427743,
          0.3187459098298937,
          0.5925953396566329,
          1.2445797026823628
        ],
        [
          0.6573681149918634,
          0.5303574020496482,
          0.5353393199487486,
          1.6630900047182517
        ],
        [
          -0.1436501062022405,
          0.7855711750384271,
          -0.6018659119168908,
          -3.0076482219981266
        ],
        [
          0.0,
          0.0,
          0.0,
          1.0
        ]
      ]
    },
    {
      "file_path": "./images/0013.jpg",
      "sharpness": 167.32214897236105,
      "transform_matrix": [
        [
          -0.6745307776071771,
          0.3686764866561606,
          0.6395982162563079,
          1.9444118660738663
        ],
        [
          0.7156738728577521,
          0.5391594432013853,
          0.4439797320999627,
          2.7009707494816393
        ],
        [
          -0.18116053037219232,
          0.7572217264362762,
          -0.6275317675136868,
          -2.6104073379090953
        ],
        [
          0.0,
          0.0,
          0.0,
          1.0
        ]
      ]
    },
    {
      "file_path": "./images/0009.jpg",
      "sharpness": 162.0720798389942,
      "transform_matrix": [
        [
          -0.7794021822958412,
          0.2822442641214143,
          0.5593482042464831,
          0.9872299270545508
        ],
        [
          0.5994240751040136,
          0.5956601184556218,
          0.5346772872183077,
          1.473167134494095
        ],
        [
          -0.18227182012603418,
          0.7520154244735083,
          -0.6334428032053028,
          -3.2505444750000123
        ],
        [
          0.0,
          0.0,
          0.0,
          1.0
        ]
      ]
    },
    {
      "file_path": "./images/0012.jpg",
      "sharpness": 214.7469478931092,
      "transform_matrix": [
        [
          -0.7119352407684234,
          0.34112930495555693,
          0.6138232728100731,
          1.5149999895283381
        ],
        [
          0.6832445815596658,
          0.5384323252633516,
          0.4932215251596927,
          2.1355849332761423
        ],
        [
          -0.16224997601304256,
          0.770533210449438,
          -0.6164036963459657,
          -2.8495537413925733
        ],
        [
          0.0,
          0.0,
          0.0,
          1.0
        ]
      ]
    },
    {
      "file_path": "./images/0019.jpg",
      "sharpness": 133.1922342519482,
      "transform_matrix": [
        [
          -0.23151935536973417,
          0.3266951306576895,
          0.916334589374679,
          4.239819845461756
        ],
        [
          0.9710643299431306,
          0.13433684668894447,
          0.1974529785386031,
          1.4320791702603062
        ],
        [
          -0.05859057262618425,
          0.935534020341928,
          -0.34834356829561997,
          -0.3184086259318415
        ],
        [
          0.0,
          0.0,
          0.0,
          1.0
        ]
      ]
    },
    {
      "file_path": "./images/0020.jpg",
      "sharpness": 128.08080265365479,
      "transform_matrix": [
        [
          -0.17697587658959385,
          0.2695775255874617,
          0.9465767252548576,
          4.246737098217043
        ],
        [
          0.9835750730849853,
          0.08312357842849295,
          0.16022030556425929,
          1.0435725678835543
        ],
        [
          -0.03549105113742814,
          0.9593844007477798,
          -0.2798606025894035,
          -0.20235632486272487
        ],
        [
          0.0,
          0.0,
          0.0,
          1.0
        ]
      ]
    },
    {
      "file_path": "./images/0018.jpg",
      "sharpness": 213.55162822555553,
      "transform_matrix": [
        [
          -0.3158787373256222,
          0.39599153768583073,
          0.8622130394383432,
          4.220470379230799
        ],
        [
          0.9430858347899066,
          0.23062163165380348,
          0.23958875439377064,
          2.1128996548607937
        ],
        [
          -0.10396985872383378,
          0.8888218972807755,
          -0.4463024796949587,
          -0.6432323050080557
        ],
        [
          0.0,
          0.0,
          0.0,
          1.0
        ]
      ]
    },
    {
      "file_path": "./images/0022.jpg",
      "sharpness": 142.5965683835153,
      "transform_matrix": [
        [
          -0.06336183385326401,
          0.12089545021054622,
          0.9906409885119154,
          3.934673611080628
        ],
        [
          0.9972185647373878,
          -0.03136784341213362,
          0.06761059490030129,
          0.2847849818115269
        ],
        [
          0.03924808471475781,
          0.9921695160146723,
          -0.11857166325962638,
          0.35839751456079877
        ],
        [
          0.0,
          0.0,
          0.0,
          1.0
        ]
      ]
    },
    {
      "file_path": "./images/0023.jpg",
      "sharpness": 125.9461582559669,
      "transform_matrix": [
        [
          0.0026483173673041574,
          0.08179089486450533,
          0.9966459932810191,
          3.969660162476064
        ],
        [
          0.9940671498489568,
          -0.10858724739067914,
          0.006269872030852715,
          -0.19816140650989297
        ],
        [
          0.10873586347742453,
          0.9907164373382551,
          -0.08159321523468696,
          0.11875489950276062
        ],
        [
          0.0,
          0.0,
          0.0,
          1.0
        ]
      ]
    },
    {
      "file_path": "./images/0026.jpg",
      "sharpness": 161.8840522557674,
      "transform_matrix": [
        [
          0.07232227895152135,
          -0.15408434104355317,
          0.9854072781358764,
          3.751056512515601
        ],
        [
          0.9726605267026603,
          -0.20770999988985733,
          -0.1038655657099858,
          -0.751470958165718
        ],
        [
          0.2206830028826066,
          0.9659785565850112,
          0.13484969576300002,
          0.16863004291610864
        ],
        [
          0.0,
          0.0,
          0.0,
          1.0
        ]
      ]
    },
    {
      "file_path": "./images/0025.jpg",
      "sharpness": 178.86233462817236,
      "transform_matrix": [
        [
          0.052589226965443776,
          -0.08525343106172917,
          0.9949704647325488,
          3.8437358930874397
        ],
        [
          0.9811154674124684,
          -0.18130303478642437,
          -0.0673917590009508,
          -0.5170502726611277
        ],
        [
          0.18613654345898636,
          0.9797249930773769,
          0.07410887341873806,
          0.11431878103293211
        ],
        [
          0.0,
          0.0,
          0.0,
          1.0
        ]
      ]
    },
    {
      "file_path": "./images/0021.jpg",
      "sharpness": 134.68540746551702,
      "transform_matrix": [
        [
          -0.11441499886626605,
          0.2005428286418442,
          0.9729808743780549,
          4.106665642668334
        ],
        [
          0.9934278462218554,
          0.019929158610207727,
          0.11271176951894016,
          0.5794248720805059
        ],
        [
          0.0032128469103770013,
          0.9794822114301734,
          -0.2015050249926985,
          0.09810678271950095
        ],
        [
          0.0,
          0.0,
          0.0,
          1.0
        ]
      ]
    },
    {
      "file_path": "./images/0024.jpg",
      "sharpness": 190.51041399075305,
      "transform_matrix": [
        [
          0.034956183126571234,
          0.0035401291376568446,
          0.9993825757624727,
          3.9210640998708017
        ],
        [
          0.9890236702547828,
          -0.14377211858970643,
          -0.034084565304293615,
          -0.3513761154854587
        ],
        [
          0.1435626864362304,
          0.9896044893758456,
          -0.008526996018818147,
          0.11390342190081561
        ],
        [
          0.0,
          0.0,
          0.0,
          1.0
        ]
      ]
    },
    {
      "file_path": "./images/0027.jpg",
      "sharpness": 187.9928108542071,
      "transform_matrix": [
        [
          0.10391026612838973,
          -0.23859137204705713,
          0.9655448274257152,
          3.6691595431086204
        ],
        [
          0.9608920918458443,
          -0.2264670800144278,
          -0.15937079248674252,
          -1.0403258278547924
        ],
        [
          0.256688613733775,
          0.94434465045642,
          0.20572830802904835,
          0.2862065145341491
        ],
        [
          0.0,
          0.0,
          0.0,
          1.0
        ]
      ]
    },
    {
      "file_path": "./images/0029.jpg",
      "sharpness": 260.49586438068803,
      "transform_matrix": [
        [
          0.1389337656904271,
          -0.17406431078229673,
          0.9748841082168104,
          3.788963077688191
        ],
        [
          0.9628137437487716,
          -0.2065888858554139,
          -0.1740997618880918,
          -1.1572029743899719
        ],
        [
          0.23170477681507226,
          0.9628201534783286,
          0.13888933885567034,
          0.168314686215725
        ],
        [
          0.0,
          0.0,
          0.0,
          1.0
        ]
      ]
    },
    {
      "file_path": "./images/0030.jpg",
      "sharpness": 311.81861835065234,
      "transform_matrix": [
        [
          0.14080337900279308,
          -0.1391919963023243,
          0.9802040586620185,
          3.784488074029696
        ],
        [
          0.9680738823208364,
          -0.1880316971156961,
          -0.16576199578929693,
          -1.1566432230285852
        ],
        [
          0.20738217577488238,
          0.9722497976529609,
          0.10827263793485886,
          0.16663706009647417
        ],
        [
          0.0,
          0.0,
          0.0,
          1.0
        ]
      ]
    },
    {
      "file_path": "./images/0016.jpg",
      "sharpness": 212.3422035599942,
      "transform_matrix": [
        [
          -0.4600202937609487,
          0.43871346716892845,
          0.7719532518510638,
          3.6880555468931457
        ],
        [
          0.8737277318869195,
          0.3784257177486662,
          0.3056040357687417,
          2.995701960838863
        ],
        [
          -0.1580543572872337,
          0.81506102217143,
          -0.5573996324631936,
          -1.3241252298046509
        ],
        [
          0.0,
          0.0,
          0.0,
          1.0
        ]
      ]
    },
    {
      "file_path": "./images/0031.jpg",
      "sharpness": 331.2175341732045,
      "transform_matrix": [
        [
          0.13471984307769722,
          -0.11223143704500094,
          0.9845073226800595,
          3.7829948261788293
        ],
        [
          0.9717330176296455,
          -0.1794304057278034,
          -0.15342643823257854,
          -1.1535091974656897
        ],
        [
          0.19386981799401484,
          0.9773478572290403,
          0.08488615688963316,
          0.16568961440814886
        ],
        [
          0.0,
          0.0,
          0.0,
          1.0
        ]
      ]
    },
    {
      "file_path": "./images/0028.jpg",
      "sharpness": 213.96415795984433,
      "transform_matrix": [
        [
          0.1399866277532949,
          -0.213728999124925,
          0.9668110771883215,
          3.767451415217689
        ],
        [
          0.9581986138805423,
          -0.21681688854088224,
          -0.18667044008319655,
          -1.1675762580310336
        ],
        [
          0.24951785588802147,
          0.9525283994546737,
          0.17444336564077864,
          0.16308024270976196
        ],
        [
          0.0,
          0.0,
          0.0,
          1.0
        ]
      ]
    },
    {
      "file_path": "./images/0034.jpg",
      "sharpness": 262.50417893821765,
      "transform_matrix": [
        [
          0.08261149039542037,
          -0.12183691046929683,
          0.9891062171944265,
          3.7700218623167365
        ],
        [
          0.982606075202328,
          -0.15567546690302458,
          -0.10124450592500468,
          -1.1498088280921772
        ],
        [
          0.1663148899823198,
          0.9802657375644495,
          0.10685710607215139,
          0.159899268378125
        ],
        [
          0.0,
          0.0,
          0.0,
          1.0
        ]
      ]
    },
    {
      "file_path": "./images/0035.jpg",
      "sharpness": 393.52289017427904,
      "transform_matrix": [
        [
          0.039108021189893837,
          -0.17079616151465302,
          0.98452995580693,
          3.7707386291927065
        ],
        [
          0.9844112523256903,
          -0.16249937443386886,
          -0.06729368174772328,
          -1.141918184186488
        ],
        [
          0.17147900446673045,
          0.9718140894797923,
          0.16177863427035621,
          0.15774365034606655
        ],
        [
          0.0,
          0.0,
          0.0,
          1.0
        ]
      ]
    },
    {
      "file_path": "./images/0032.jpg",
      "sharpness": 365.0088413642981,
      "transform_matrix": [
        [
          0.12406891520061412,
          -0.09457405450460118,
          0.9877563730425775,
          3.78140979307293
        ],
        [
          0.9757006359908115,
          -0.16954682712553298,
          -0.1387881203085731,
          -1.1505800731325713
        ],
        [
          0.18059671427704743,
          0.980973812911037,
          0.07124047421119814,
          0.1643122780667068
        ],
        [
          0.0,
          0.0,
          0.0,
          1.0
        ]
      ]
    },
    {
      "file_path": "./images/0033.jpg",
      "sharpness": 372.0816142834881,
      "transform_matrix": [
        [
          0.11705928062148435,
          -0.07594823663348334,
          0.9902166379956302,
          3.7719731545949093
        ],
        [
          0.9805304353684325,
          -0.14944970883875328,
          -0.12737680261413506,
          -1.1531574149207453
        ],
        [
          0.15766163178229092,
          0.9858481880447962,
          0.05697508212593943,
          0.16080052702755615
        ],
        [
          0.0,
          0.0,
          0.0,
          1.0
        ]
      ]
    },
    {
      "file_path": "./images/0036.jpg",
      "sharpness": 396.9245619143377,
      "transform_matrix": [
        [
          0.02381801254188785,
          -0.2022365063398543,
          0.979047035526245,
          3.772203740661208
        ],
        [
          0.984798651251468,
          -0.16380318524565288,
          -0.05779388373058117,
          -1.1370070963228185
        ],
        [
          0.17205905605799732,
          0.9655407355455337,
          0.19526077235671535,
          0.1586153277423842
        ],
        [
          0.0,
          0.0,
          0.0,
          1.0
        ]
      ]
    },
    {
      "file_path": "./images/0038.jpg",
      "sharpness": 417.5376270577777,
      "transform_matrix": [
        [
          0.04331713077539841,
          -0.20564143623877346,
          0.9776682596227442,
          3.761432683811018
        ],
        [
          0.9848903022863098,
          -0.15544845686112768,
          -0.07633393558484751,
          -1.135137960034752
        ],
        [
          0.16767444242788598,
          0.9662025548259047,
          0.19580067516510916,
          0.15804800644726208
        ],
        [
          0.0,
          0.0,
          0.0,
          1.0
        ]
      ]
    },
    {
      "file_path": "./images/0039.jpg",
      "sharpness": 443.3900368414213,
      "transform_matrix": [
        [
          0.055152757265090155,
          -0.17585799378210057,
          0.9828693399326877,
          3.7496476114945865
        ],
        [
          0.9855345732686397,
          -0.1483965844281767,
          -0.08185388581031128,
          -1.1384178849497382
        ],
        [
          0.16024911312705786,
          0.9731661830046913,
          0.16512965205798594,
          0.15436154304863042
        ],
        [
          0.0,
          0.0,
          0.0,
          1.0
        ]
      ]
    },
    {
      "file_path": "./images/0037.jpg",
      "sharpness": 383.64672439827393,
      "transform_matrix": [
        [
          0.021246333822535872,
          -0.22304157243436337,
          0.9745773700716799,
          3.7708828974189537
        ],
        [
          0.9839235899257933,
          -0.16822695959335648,
          -0.059950473338509634,
          -1.132745757790978
        ],
        [
          0.17732163569725365,
          0.9601833923907342,
          0.21588165851084196,
          0.1611635472673961
        ],
        [
          0.0,
          0.0,
          0.0,
          1.0
        ]
      ]
    },
    {
      "file_path": "./images/0040.jpg",
      "sharpness": 413.890839337349,
      "transform_matrix": [
        [
          0.05241276141791826,
          -0.1651831121827023,
          0.9848692511602283,
          3.740875368101796
        ],
        [
          0.9876311717403499,
          -0.13736619581113774,
          -0.07559892099200748,
          -1.1404989934708565
        ],
        [
          0.14777540745035858,
          0.9766499207438237,
          0.15594024898878373,
          0.150956615547266
        ],
        [
          0.0,
          0.0,
          0.0,
          1.0
        ]
      ]
    },
    {
      "file_path": "./images/0041.jpg",
      "sharpness": 378.3693541416374,
      "transform_matrix": [
        [
          0.04462183869423149,
          -0.15418927862812548,
          0.9870332101091677,
          3.7322383960453966
        ],
        [
          0.9897514517730834,
          -0.12733501487391577,
          -0.06463634968135056,
          -1.1421568062383263
        ],
        [
          0.13565012062082238,
          0.9798017454230605,
          0.14692713987620018,
          0.14777243722682085
        ],
        [
          0.0,
          0.0,
          0.0,
          1.0
        ]
      ]
    },
    {
      "file_path": "./images/0042.jpg",
      "sharpness": 630.5254579526688,
      "transform_matrix": [
        [
          0.04331720363612099,
          -0.15524312292017203,
          0.9869261333280536,
          3.7240321904054756
        ],
        [
          0.9913946142680873,
          -0.1154675243132841,
          -0.06167632956967994,
          -1.1438932979223086
        ],
        [
          0.12353274330812337,
          0.981104899389359,
          0.14890546570117993,
          0.14434734756126874
        ],
        [
          0.0,
          0.0,
          0.0,
          1.0
        ]
      ]
    },
    {
      "file_path": "./images/0044.jpg",
      "sharpness": 386.2218046401925,
      "transform_matrix": [
        [
          0.0524279481882999,
          -0.15650318274849062,
          0.9862849811434227,
          3.705864661916696
        ],
        [
          0.9918074799019008,
          -0.10704574450132864,
          -0.06970747015057571,
          -1.1479077982853338
        ],
        [
          0.11648705103688707,
          0.9818594412463434,
          0.14960883853191348,
          0.1367422392330115
        ],
        [
          0.0,
          0.0,
          0.0,
          1.0
        ]
      ]
    },
    {
      "file_path": "./images/0046.jpg",
      "sharpness": 420.0365899880798,
      "transform_matrix": [
        [
          0.08757752633877894,
          -0.13419207979126604,
          0.9870778401891106,
          3.6893068749933855
        ],
        [
          0.9890645881285937,
          -0.10632352565645298,
          -0.10220835778933877,
          -1.1509594229342863
        ],
        [
          0.11866514817006428,
          0.9852348926038432,
          0.12341308276025804,
          0.1315448232032668
        ],
        [
          0.0,
          0.0,
          0.0,
          1.0
        ]
      ]
    },
    {
      "file_path": "./images/0043.jpg",
      "sharpness": 397.3860754156414,
      "transform_matrix": [
        [
          0.04659807721920671,
          -0.1576917422558214,
          0.9863883279999416,
          3.7139517328646825
        ],
        [
          0.9916368384332573,
          -0.11167123305147862,
          -0.06469865818432688,
          -1.1462632894570215
        ],
        [
          0.12035364498604019,
          0.9811538361153813,
          0.15116927599669805,
          0.13973930792473893
        ],
        [
          0.0,
          0.0,
          0.0,
          1.0
        ]
      ]
    },
    {
      "file_path": "./images/0048.jpg",
      "sharpness": 393.3296961020285,
      "transform_matrix": [
        [
          0.15186371341943733,
          -0.09948550872902058,
          0.9833819431381231,
          3.6727730774152243
        ],
        [
          0.9816813106234399,
          -0.10063921772456301,
          -0.16178242249524413,
          -1.1521294759824106
        ],
        [
          0.11506179608723414,
          0.9899365542293777,
          0.08237961927786519,
          0.12886877524410523
        ],
        [
          0.0,
          0.0,
          0.0,
          1.0
        ]
      ]
    },
    {
      "file_path": "./images/0045.jpg",
      "sharpness": 441.3102112486543,
      "transform_matrix": [
        [
          0.07146052292454501,
          -0.14396172159502088,
          0.986999704341127,
          3.6977082030819273
        ],
        [
          0.990475136789935,
          -0.10652048726523278,
          -0.08724900683522482,
          -1.1497720235148237
        ],
        [
          0.11769620666851226,
          0.9838335268219955,
          0.13497849616719196,
          0.13384598243266227
        ],
        [
          0.0,
          0.0,
          0.0,
          1.0
        ]
      ]
    },
    {
      "file_path": "./images/0047.jpg",
      "sharpness": 394.63818535036535,
      "transform_matrix": [
        [
          0.11896896140738836,
          -0.10873282606467735,
          0.9869263188041749,
          3.679255965064091
        ],
        [
          0.98572689101696,
          -0.10631331779613766,
          -0.1305372543958692,
          -1.1520629868347332
        ],
        [
          0.1191170959495871,
          0.988369693478101,
          0.09453288558624218,
          0.1308972508134189
        ],
        [
          0.0,
          0.0,
          0.0,
          1.0
        ]
      ]
    },
    {
      "file_path": "./images/0049.jpg",
      "sharpness": 402.92945538114043,
      "transform_matrix": [
        [
          0.19411458094324366,
          -0.09737898039605307,
          0.9761336300081962,
          3.666017772908784
        ],
        [
          0.9754434053457796,
          -0.08639920320827336,
          -0.20259649713753894,
          -1.1515989657030647
        ],
        [
          0.10406580818057312,
          0.9914900462701546,
          0.07821633912202182,
          0.12695624513519188
        ],
        [
          0.0,
          0.0,
          0.0,
          1.0
        ]
      ]
    },
    {
      "file_path": "./images/0050.jpg",
      "sharpness": 454.1511156533148,
      "transform_matrix": [
        [
          0.23234700935952546,
          -0.08593085936322463,
          0.9688295797721633,
          3.6605632154427292
        ],
        [
          0.9684373536994244,
          -0.0719812599252421,
          -0.2386373612392385,
          -1.1514595245263695
        ],
        [
          0.0902438873323032,
          0.993697431625665,
          0.06649402356927805,
          0.12509379983945768
        ],
        [
          0.0,
          0.0,
          0.0,
          1.0
        ]
      ]
    },
    {
      "file_path": "./images/0051.jpg",
      "sharpness": 432.4072688999247,
      "transform_matrix": [
        [
          0.30974134863542724,
          -0.07525722023928169,
          0.94783788051443,
          3.65363244165629
        ],
        [
          0.9468275291785457,
          -0.06685361748207584,
          -0.31471927780040154,
          -1.1518039791114443
        ],
        [
          0.08705128910190574,
          0.9949205720167716,
          0.0505482782519496,
          0.12303843161356298
        ],
        [
          0.0,
          0.0,
          0.0,
          1.0
        ]
      ]
    },
    {
      "file_path": "./images/0052.jpg",
      "sharpness": 407.2820141892569,
      "transform_matrix": [
        [
          0.36881556727558756,
          -0.059999730751797944,
          0.9275640730621375,
          3.6487755178804204
        ],
        [
          0.9239006287537868,
          -0.08573142904867277,
          -0.37290447873634625,
          -1.1523122999418056
        ],
        [
          0.1018955618381449,
          0.9945100071762849,
          0.023814703328711013,
          0.12104843977478326
        ],
        [
          0.0,
          0.0,
          0.0,
          1.0
        ]
      ]
    },
    {
      "file_path": "./images/0053.jpg",
      "sharpness": 435.4256714186659,
      "transform_matrix": [
        [
          0.41700114936343147,
          -0.06624384509701482,
          0.9064887171978832,
          3.642580561225389
        ],
        [
          0.9013873522082206,
          -0.0978760917271308,
          -0.42180696052492017,
          -1.1513806628394145
        ],
        [
          0.11666568778792462,
          0.9929914519500138,
          0.01889692138667555,
          0.11994643405900202
        ],
        [
          0.0,
          0.0,
          0.0,
          1.0
        ]
      ]
    },
    {
      "file_path": "./images/0054.jpg",
      "sharpness": 466.3390719614646,
      "transform_matrix": [
        [
          0.46146961215091264,
          -0.07856203506382933,
          0.8836706420938968,
          3.6382505612697784
        ],
        [
          0.8767871763287434,
          -0.11145627532670545,
          -0.4677838668827334,
          -1.1520085358568184
        ],
        [
          0.13524069093567895,
          0.9906591267069444,
          0.017448500743454578,
          0.11781024761046328
        ],
        [
          0.0,
          0.0,
          0.0,
          1.0
        ]
      ]
    },
    {
      "file_path": "./images/0056.jpg",
      "sharpness": 398.0350910355393,
      "transform_matrix": [
        [
          0.4831373526547543,
          -0.13554711554833948,
          0.8649885998826834,
          3.629325212617698
        ],
        [
          0.8616584128025514,
          -0.10164446648334015,
          -0.4972053721349977,
          -1.1504427367493513
        ],
        [
          0.1553160587772844,
          0.9855431912862387,
          0.06768707399458036,
          0.11281708751706017
        ],
        [
          0.0,
          0.0,
          0.0,
          1.0
        ]
      ]
    },
    {
      "file_path": "./images/0055.jpg",
      "sharpness": 505.1739920806287,
      "transform_matrix": [
        [
          0.4841767689054321,
          -0.10867806656923525,
          0.8681946407861504,
          3.6335670619679696
        ],
        [
          0.8619011747953865,
          -0.11161805086850375,
          -0.49463903566807627,
          -1.1514012924766193
        ],
        [
          0.15066260762510839,
          0.9877907109089099,
          0.0396268860294808,
          0.11484392216210411
        ],
        [
          0.0,
          0.0,
          0.0,
          1.0
        ]
      ]
    },
    {
      "file_path": "./images/0058.jpg",
      "sharpness": 473.19713012005946,
      "transform_matrix": [
        [
          0.49495560233025626,
          -0.1632003194519296,
          0.8534545139861911,
          3.6202337630146513
        ],
        [
          0.854732259094191,
          -0.08531233773129428,
          -0.5120103224492242,
          -1.1482860250223692
        ],
        [
          0.1563704479218864,
          0.9828974823207163,
          0.09726675822204646,
          0.11050375154112524
        ],
        [
          0.0,
          0.0,
          0.0,
          1.0
        ]
      ]
    },
    {
      "file_path": "./images/0057.jpg",
      "sharpness": 411.8132093625623,
      "transform_matrix": [
        [
          0.48836384110518016,
          -0.1539583797017808,
          0.8589514398447217,
          3.6248589885452627
        ],
        [
          0.8580437440096972,
          -0.0945590334631069,
          -0.5047965159906914,
          -1.1495569417510711
        ],
        [
          0.15893927162449187,
          0.9835422748926116,
          0.08592381174774642,
          0.1113409081519851
        ],
        [
          0.0,
          0.0,
          0.0,
          1.0
        ]
      ]
    }
  ]
}